%YAML:1.0
current_rotation_matrix: !!opencv-matrix
   rows: 3
   cols: 4
   dt: f
   data: [ 9.92536128e-001, 1.63539778e-003, -1.21938974e-001,
       2.84154505e-001, -5.27594239e-004, 9.99958217e-001,
       9.11642238e-003, 5.46288490e-002, 1.21948838e-001,
       -8.98404047e-003, 9.92495716e-001, 9.57220972e-001 ]
