%YAML:1.0
current_rotation_matrix: !!opencv-matrix
   rows: 3
   cols: 3
   dt: f
   data: [ 9.99796569e-001, 2.89864838e-004, 2.01732665e-002,
       -3.83421779e-004, 9.99989271e-001, 4.63353191e-003,
       -2.01717019e-002, -4.64039482e-003, 9.99785841e-001 ]
