%YAML:1.0
current_middle_points: !!opencv-matrix
   rows: 685
   cols: 4
   dt: d
   data: [ 9.4472883607307823e-001, -1.0746557958291567e+000,
       4.0092704416437890e+000, 3.3347607069813906e-001,
       9.5824655270972969e-001, -1.1609128635568193e+000,
       4.0735558898006392e+000, 3.3558072161203284e-001,
       9.4775770354764055e-001, -1.0768150747655665e+000,
       4.0273748109621259e+000, 3.2994208603129827e-001,
       5.2969942427468908e-001, -1.5286186693847730e+000,
       5.0789296163075068e+000, 2.2965169032381175e-001,
       1.2092027154775233e+000, -1.4964076113536890e+000,
       4.3081681945198920e+000, 3.6093261140233313e-001,
       -1.1053239892309481e+000, 8.2320108327504782e-001,
       3.5771873279408464e+000, 1.5234411845481449e-001,
       5.9561827832220215e-001, -1.6198468927833707e+000,
       5.1600246507360907e+000, 2.5790389695035831e-001,
       9.4440895010836878e-001, -1.0822425154386142e+000,
       3.7488906403664917e+000, 3.5640902483147635e-001,
       -9.2570315323100238e-001, 7.4604301578268517e-001,
       3.3755006051037384e+000, 1.4171758525671432e-001,
       4.0330923919067396e-001, -1.4435856876655354e-001,
       1.5282313409257853e+000, 2.8994757392390724e-001,
       -8.2698209631192354e-001, 7.1064124123748085e-001,
       2.9288453634830391e+000, 1.8629059831707370e-001,
       -9.4752421880863325e-001, 6.8845860625891830e-001,
       2.9472478868361573e+000, 1.9007330545340984e-001,
       1.2044667427461558e-001, -8.3574633719202873e-002,
       2.3646826317824005e-001, 2.4562666093402266e-001,
       -8.8123779686687409e-001, 6.0128676133853953e-001,
       3.3087855058710467e+000, 1.4086954452471412e-001,
       -2.3359590331284177e+000, -1.3268201653165392e+000,
       4.6333717695908874e+000, 5.4270047801687860e-001,
       1.1195341046300082e+000, -1.2823002351666468e+000,
       4.0901743097380940e+000, 3.5640534057830980e-001,
       -2.4430364761138934e+000, -1.4813346429168412e+000,
       4.8868032904918390e+000, 5.3208311692815136e-001,
       -1.0517948001845761e+000, 7.1852337314364134e-001,
       3.8935689295523526e+000, 1.1154355307689509e-001,
       -3.3498470896042294e+000, -2.1018245612261470e+000,
       7.1604958459519406e+000, 3.7351871681462856e-001,
       -2.9204747251647913e+000, -1.8000704849176141e+000,
       6.0649002192773986e+000, 4.6101182671127244e-001,
       -1.4913474536504605e+000, 7.0272279005029115e-001,
       3.6107897744754061e+000, 3.5836098492085183e-001,
       -2.8204327499889459e+000, -1.2048274562353014e+000,
       7.1186371419949408e+000, 2.1185946858139423e-001,
       -2.8592919076636218e+000, -1.3195591393771475e+000,
       7.2270395547682842e+000, 1.9274397733812082e-001,
       -1.4629451642139619e+000, 8.4056456412745351e-001,
       4.9331164539389141e+000, 2.3715919921792589e-001,
       1.6426059608839949e-001, -7.1767554449871165e-002,
       4.2602669564696233e-001, 2.4847811417062488e-001,
       -2.2424806323521431e+000, 2.2625210707394444e-001,
       4.8234439643531593e+000, 4.0045354004403183e-001,
       -3.6889103839689605e+000, -2.2158795699196498e+000,
       8.0701342309218376e+000, 2.7515306250190835e-001,
       -1.4788745153948426e+000, 7.0265493899153908e-001,
       3.6003789905164276e+000, 3.4549980012886133e-001,
       1.0112490798705962e+000, -1.3926494394274931e+000,
       4.3511349250463756e+000, 3.3801149495461486e-001,
       -8.8218752257376698e-001, 5.9433029969699314e-001,
       3.3176133415979479e+000, 1.4043438771911221e-001,
       6.0082657129794881e-001, -6.9230917560231275e-001,
       2.1261198451943351e+000, 3.9420300977622014e-001,
       -1.0381547308019745e+000, 8.3552979982966602e-001,
       3.8496792360655583e+000, 1.1796993668148126e-001,
       1.6996463935093808e-001, -8.6490341921326472e-002,
       4.0436965285700432e-001, 2.6588164754280208e-001,
       1.6095972922007892e-001, -9.5987892134562089e-002,
       3.5539177482062367e-001, 2.7430424743593906e-001,
       -6.4695553583966203e-001, -6.1256048629659721e-001,
       5.3887093710637046e+000, 4.8720446185258115e-002,
       -1.4328121040101667e+000, 7.9153234990543564e-001,
       3.5420979709185030e+000, 3.0777483811311535e-001,
       4.8091366527587326e-001, -9.5987202306897779e-001,
       3.0094389064023868e+000, 5.0385477549032998e-001,
       -1.9579854615973034e+000, -1.7366168335844989e+000,
       6.2162744873116376e+000, 1.2750653741243248e-001,
       -1.7664882659693051e+000, -1.0515614782176081e+000,
       3.2519159911533100e+000, 6.1788296257421105e-001,
       -1.9282192985806006e+000, -1.0838373982150036e+000,
       3.6469062677422555e+000, 5.9377307448385674e-001,
       -8.1409149143490689e-001, 6.2284793507537206e-001,
       3.1021777423204386e+000, 1.4688542867279969e-001,
       9.2807322721274663e-002, -6.1274176548641590e-002,
       2.3351563515892448e-001, 2.0389977964439360e-001,
       -8.8188463285120988e-001, 7.2017235266489221e-001,
       3.3526231556039270e+000, 1.3563277160334142e-001,
       -3.0514604418151254e+000, -1.3764242683434076e+000,
       7.2673141724433581e+000, 2.6860385118831054e-001,
       -2.0914782039708260e+000, -1.1801467421626999e+000,
       4.0399566814606871e+000, 5.7413605507358279e-001,
       -2.2959517339498685e+000, -1.3856199088000218e+000,
       4.5286652030965122e+000, 5.5143385364159447e-001,
       -2.9603960461039120e+000, -1.7163554555737472e+000,
       6.1785216652595842e+000, 4.4732649442170391e-001,
       -1.9278200188328267e+000, -1.6418040514069849e+000,
       6.1297336437601500e+000, 1.2262032691549946e-001,
       -3.1713214871638993e+000, -1.8540744729446561e+000,
       6.7129838648741273e+000, 4.0740966426614778e-001,
       8.2505424041219388e-001, -1.6740247387233476e+000,
       4.8869757410088663e+000, 2.9534705518876325e-001,
       -2.9724641082766761e+000, -1.1863975418199937e+000,
       7.1452087990189135e+000, 2.4483618746167585e-001,
       -9.3474712974501273e-001, 6.5072092143882976e-001,
       3.3469724490319184e+000, 1.5455036234856040e-001,
       -1.3913957602957909e+000, 9.8811539061648368e-001,
       4.6550599204134775e+000, 2.9909605931658936e-002,
       -3.5115818622686301e-001, -1.8143004815463239e-002,
       2.6707184292283133e+000, 1.3275561726883167e-001,
       8.4444684207311244e-002, -5.1286192287643162e-001,
       4.5107169034431713e+000, 1.0112313058860074e-001,
       -1.4139702614930663e+000, 7.8407564302262134e-001,
       3.5845647578143449e+000, 2.8933674010888744e-001,
       -2.1875799102644877e+000, 2.9318779589555749e-001,
       4.5981673706424591e+000, 4.1229783645108531e-001,
       -2.7847327680273279e+000, -1.6043761131931717e+000,
       5.7373006328960763e+000, 4.7818351884510796e-001,
       -1.9083706541051060e+000, -1.5475580994684304e+000,
       6.0660132714007267e+000, 1.1867661096722053e-001,
       -2.2439739928934577e+000, -1.2713519418767973e+000,
       4.4091049908987578e+000, 5.5508682885399130e-001,
       -3.5772911367574571e+000, -2.2757117828924915e+000,
       8.1563316375144392e+000, 2.2389479108610599e-001,
       -1.0845327004475620e+000, 7.3420505118988599e-001,
       3.9989750210459198e+000, 1.0417754680288759e-001,
       5.9133028323203463e-001, -6.8024943826907780e-001,
       2.0818904572319878e+000, 3.9318054738809383e-001,
       6.1677970639069130e-002, -6.3847774842607286e-002,
       1.1590651978815111e-001, 1.8116314800941530e-001,
       -4.1065791698198062e-001, -1.6959517335756213e-001,
       3.2503107137631311e+000, 1.1284354293856591e-001,
       1.6714975400638981e+000, -1.1810848172575921e+000,
       5.6630334528814927e+000, 1.9281003895708168e-001,
       -1.4658443456941326e+000, 7.0166902139690768e-001,
       3.5878633243106761e+000, 3.3281525710489229e-001,
       5.3239833532380731e-001, -2.2325766680788212e-001,
       2.0171610660649124e+000, 3.0134442822169444e-001,
       -2.1345610370992052e+000, -2.1264944212711173e-001,
