%YAML:1.0
current_rotation_matrix: !!opencv-matrix
   rows: 3
   cols: 4
   dt: f
   data: [ 7.88495958e-001, -2.68413946e-002, -6.14453912e-001,
       6.42112792e-001, -3.58554944e-002, 9.95342016e-001,
       -8.94914046e-002, 1.06572649e-002, 6.13993824e-001,
       9.25951004e-002, 7.83860743e-001, 7.66536057e-001 ]
