%YAML:1.0
current_rotation_matrix: !!opencv-matrix
   rows: 3
   cols: 4
   dt: f
   data: [ 9.99801338e-001, -1.04396753e-002, -1.69835426e-002,
       -9.99978662e-001, 9.79983248e-003, 9.99254823e-001,
       -3.73310745e-002, 6.49149856e-003, 1.73606165e-002,
       3.71572413e-002, 9.99158740e-001, -7.73954263e-004 ]
