%YAML:1.0
current_rotation_matrix: !!opencv-matrix
   rows: 3
   cols: 4
   dt: f
   data: [ 9.73115504e-001, 5.98884672e-002, -2.22395062e-001,
       9.95362103e-001, -4.00358588e-002, 9.94886160e-001,
       9.27298442e-002, -5.72498962e-002, 2.26811215e-001,
       -8.13330561e-002, 9.70536649e-001, -7.73091987e-002 ]
