%YAML:1.0
current_rotation_matrix: !!opencv-matrix
   rows: 3
   cols: 3
   dt: f
   data: [ 7.26338387e-001, 1.24056540e-001, 6.76049173e-001,
       1.32744968e-001, 9.39741135e-001, -3.15064162e-001,
       6.74396992e-001, -3.18585366e-001, -6.66102171e-001 ]
