%YAML:1.0
current_rotation_matrix: !!opencv-matrix
   rows: 3
   cols: 4
   dt: f
   data: [ 9.93654549e-001, 7.99426287e-002, -7.91196525e-002,
       -1.94223613e-001, -7.28531554e-002, 9.93384838e-001,
       8.87649655e-002, -3.54108065e-001, 8.56923759e-002,
       -8.24375749e-002, 9.92905259e-001, -9.14813995e-001 ]
