%YAML:1.0
current_middle_points: !!opencv-matrix
   rows: 418
   cols: 4
   dt: d
   data: [ 2.8200047985590935e+000, -1.2260896775411229e-002,
       1.3438525350628979e+001, 1.7642612751964826e-001,
       -1.8223675924377392e+000, -1.5640285982851498e+000,
       1.1767012668797999e+001, 5.2943848736704956e-002,
       -3.2911450798504434e+000, 4.1903805780707981e-001,
       1.1033275733827232e+001, 1.3581231375094729e-001,
       -7.7372959812429920e-002, 2.6205126301630446e+000,
       8.6328087875175399e+000, 2.4658334605281262e-001,
       -2.3397913476870382e+000, -1.6587003286907853e+000,
       1.2127246023090088e+001, 4.4263143495092062e-002,
       -3.5637086187140996e+000, -3.1345884826382553e-001,
       1.1604690094621750e+001, 1.0463183205838308e-001,
       2.7119212332058753e+000, 9.2796934579918733e-001,
       1.3041909709705092e+001, 1.6631218147123947e-001,
       -1.9058253758589774e+000, -1.8367849992671348e+000,
       1.2093487880522169e+001, 3.1812836560151714e-002,
       -4.8176773216379520e-001, -2.5462884989482282e+000,
       1.3375422748695378e+001, 3.5631445981674850e-002,
       1.4215133280686958e+000, 2.9472118375790474e-002,
       1.2885512152849117e+001, 1.3622208253185403e-001,
       1.5294743202193781e+000, 1.5531269012876139e+000,
       1.2580630205657670e+001, 1.9649230201161422e-001,
       -3.4070379565931863e+000, 2.9986158656404061e-001,
       1.0993425348779905e+001, 1.1282793605246526e-001,
       -3.8204523724821984e+000, 1.7221934573415252e+000,
       9.3081887095318301e+000, 1.9199864537639705e-001,
       -3.2639145600191721e+000, 2.7157879955630393e-001,
       1.0430367853872973e+001, 1.4680205266323804e-001,
       1.6790539104932707e+000, 1.3153589553473533e+000,
       1.2766460994664769e+001, 1.9776221806385186e-001,
       1.9068873086718527e+000, 1.0713452790439584e+000,
       1.2879210104131413e+001, 1.6883493251639686e-001,
       7.0130402761554578e-001, -2.5301004930956479e+000,
       1.3832158183703898e+001, 5.1947076216927748e-002,
       2.6153480800504374e+000, -6.4124128804268454e-001,
       1.3694166871758888e+001, 1.2097072840530093e-001,
       1.8934974223958485e+000, 2.6845033545151376e-001,
       1.3066834901155531e+001, 1.4804009494216544e-001,
       -3.3842806970684585e+000, -2.6302116385087693e-001,
       1.0971230995978459e+001, 9.6008479594406324e-002,
       -3.6104912195501457e+000, 2.1552647987805189e+000,
       9.3244158871783647e+000, 2.2194246849783680e-001,
       2.1064631334524520e+000, -7.1887352381023617e-002,
       1.3366254530387316e+001, 1.1811904711388493e-001,
       -3.6295877113222192e+000, 1.7511618080063249e+000,
       9.3377667900014103e+000, 2.0160748954443208e-001,
       -9.3404406703770448e-001, -2.0575650129063350e+000,
       1.3154546424036702e+001, 3.9890651408856677e-002,
       2.6339054028504023e+000, -2.3808900929439333e-001,
       1.3611129621910584e+001, 1.6738901966354286e-001,
       -3.3254563396894983e+000, 1.3901439351262028e+000,
       1.1162481992675897e+001, 1.5797624478029251e-001,
       1.6498323217890749e+000, 1.4417480579029422e+000,
       1.2700372534517502e+001, 2.0732320106131991e-001,
       -3.6314508508268224e+000, -2.1530824652589403e-001,
       8.5553920132092180e+000, 6.9704995948442636e-002,
       -1.6520056968045840e+000, -2.0476382006485512e+000,
       1.1764017497094347e+001, 2.5345071790449328e-002,
       -3.2362675432713761e+000, 1.5750976789140441e+000,
       1.0840164050227225e+001, 1.5173060736786850e-001,
       -3.4142793767862534e+000, 2.8777942604288087e-001,
       1.0911384343742817e+001, 1.4621507923025537e-001,
       1.6140407258751859e+000, 1.3975057538555737e+000,
       1.2466715550118025e+001, 2.3938325017764553e-001,
       -2.5500435041745639e+000, -1.8569035953346145e+000,
       1.1924009051946154e+001, 2.1863212495874463e-002,
       -2.5110390510301546e+000, -1.7941477624417923e+000,
       1.2337633790255225e+001, 2.1250103988289422e-002,
       -6.5272183313458954e-001, -2.0808175152364221e+000,
       1.3254709762434027e+001, 4.7104629974174361e-002,
       -3.2869689585997692e+000, -4.1925355085472743e-001,
       1.1104331661844199e+001, 1.8125283904298492e-001,
       -3.6628533386525550e+000, -2.0365516550988039e-001,
       8.6302138669331505e+000, 4.3318822535903974e-002,
       -3.1820649686638767e+000, 1.8762010803236775e+000,
       1.0735882542072813e+001, 2.3912601408448456e-001,
       1.2197730840539487e+000, -5.3676021215658354e-001,
       1.2916157519487307e+001, 1.0916053074363276e-001,
       -2.5664783635083248e+000, -1.5834256481498108e+000,
       1.1655491516924737e+001, 3.6149423780309865e-002,
       1.1685498538235497e+000, -6.6713323209705355e-001,
       1.2878974389292123e+001, 1.0042581140405407e-001,
       -1.9354706593305662e+000, -1.6924613171433189e+000,
       1.1229775701350128e+001, 1.4103929043701713e-003,
       -3.6356380351696007e+000, 2.1227486328030318e+000,
       9.3230338483062738e+000, 2.3257746245347258e-001,
       3.5685995540325272e-001, -2.0442923111114322e+000,
       1.3174188482176703e+001, 6.0813853027861603e-002,
       -3.7171515315435801e+000, -7.9643021167893202e-001,
       1.1046891191234817e+001, 4.3006245967543391e-002,
       -1.5709278530535749e+000, -1.3984729580483504e+000,
       1.1783470115284340e+001, 2.5598233585109570e-002,
       -3.3111584569578181e+000, -1.5979668495721708e-001,
       1.1464865311467108e+001, 1.0916245452583834e-001,
       2.5111051810018332e+000, 4.6076883006236297e-001,
       1.2924556172089247e+001, 1.4503047151629803e-001,
       1.9848993240190600e+000, -3.6914982813230734e-001,
       1.3264283889784128e+001, 1.3147122186902019e-001,
       2.3502627453138834e+000, 1.8794229497110425e-002,
       1.3418115744902600e+001, 1.3576729673505145e-001,
       -3.5633474079401539e+000, 2.4357573770456344e+000,
       9.1787480252642109e+000, 2.1108852559128688e-001,
       1.7530189895035708e+000, 1.5506506161003679e+000,
       1.2480359056879458e+001, 2.1038115748770006e-001,
       -2.4718854792658842e+000, -1.2099325981043378e+000,
       1.1096842785531710e+001, 5.1122146766612760e-002,
       1.4727254180518456e+000, 1.4192863928731181e+000,
       1.2768823072736435e+001, 1.7582678225976986e-001,
       2.3173573466047213e+000, -1.0252811134277264e+000,
       1.3595718864217522e+001, 9.9157583025203402e-002,
       1.5987629537118417e+000, 5.3579443860014586e-001,
       1.2819848552887461e+001, 1.5134678836825863e-001,
       -1.7238824713396863e+000, -1.4952420442260053e+000,
       1.1033139726327779e+001, 6.0676462118121444e-002,
       2.3185521182218407e+000, 8.4034542206366386e-002,
       1.3301486410515551e+001, 1.4112051093604983e-001,
       -3.7913758607331050e-001, -2.3573352938210079e+000,
       1.3180284874963913e+001, 3.5896032434994486e-002,
       -1.5586849879306139e+000, -1.5829619960908254e+000,
       1.1556196766346641e+001, 3.6976924843693006e-002,
       1.8230791944019185e+000, 4.8043617899910557e-001,
       1.2945584312823645e+001, 1.5751115238633706e-001,
       1.3321362937187615e+000, 2.6083369815160451e-001,
       1.2818737537617896e+001, 1.3668462768153980e-001,
       -3.6672470950226854e+000, 2.1570832126178732e+000,
       9.4127949375663782e+000, 2.0741473245313935e-001,
       -6.9660114806638762e-001, -2.3189167115166942e+000,
       1.3025673468362168e+001, 2.8834294844188143e-002,
       -1.2574039217234891e+000, -1.7283577899508695e+000,
       1.2564090314197301e+001, 6.1768230085057572e-002,
       -5.2956600612024651e-001, -2.3653619523694474e+000,
       1.2866554192867195e+001, 4.2548172782322355e-002,
       -2.7506165696402336e+000, -1.4230037780880065e+000,
       1.0880937928104021e+001, 4.0396616031942834e-002,
       1.8895175130176476e+000, -2.7833444213248326e-001,
       1.3215670223376129e+001, 1.2994052790400623e-001,
       -3.6774322757484983e+000, 1.9723223387520190e+000,
