%YAML:1.0
current_rotation_matrix: !!opencv-matrix
   rows: 3
   cols: 4
   dt: f
   data: [ 9.97450471e-001, 6.70661032e-002, 2.43872404e-002,
       -9.33252513e-001, -6.77769780e-002, 9.97261405e-001,
       2.95961946e-002, -1.07408822e-001, -2.23355591e-002,
       -3.11736353e-002, 9.99264300e-001, 3.42787266e-001 ]
