%YAML:1.0
current_middle_points: !!opencv-matrix
   rows: 680
   cols: 4
   dt: d
   data: [ 1.7191590983923856e+001, -1.3068682933931949e+001,
       4.4600762024117479e+001, 3.6754687933215979e-001,
       2.5812616780558928e+000, -8.8460709533519939e+000,
       5.2367031913713944e+001, 5.3262336276583189e-001,
       1.1981958747163674e+001, -8.3261446348578012e+000,
       4.1845499317791997e+001, 3.9871592424179458e-001,
       1.1560378413400995e+001, -8.2104399281170082e+000,
       4.7669024580737101e+001, 3.7887820560930779e-001,
       2.0217282378652328e+000, -9.7020447155052025e+000,
       5.8857321253001707e+001, 5.2650911768032072e-001,
       3.5682161485391450e+000, -8.9349158713811931e+000,
       5.5457200792660032e+001, 5.5687881777245019e-001,
       6.0083243876244934e+000, -8.2504680628403477e+000,
       5.2371983755052270e+001, 5.5106349863247506e-001,
       9.5789325545007387e+000, -8.0742911407656113e+000,
       4.0775403371198166e+001, 6.8964005630003233e-001,
       5.0826971793475542e+000, -6.0933840187269892e+000,
       5.0632277608066985e+001, 5.3722922271505813e-001,
       1.3974749360374257e+000, -8.7657999196876926e+000,
       5.6117708554897398e+001, 5.7271079893663568e-001,
       1.4412355736760702e+001, -1.1147654999437169e+001,
       4.1334113182679715e+001, 4.1186451904831978e-001,
       1.3077152543806520e+001, -8.3457172701026430e+000,
       4.8005600968870681e+001, 3.6945948396793643e-001,
       1.0419647318934320e+001, -6.6646200308079484e+000,
       5.0424288846035736e+001, 4.3730958083466315e-001,
       1.3638863554280512e+001, -8.3112587952886336e+000,
       4.5639953870677999e+001, 3.1698129255880442e-001,
       1.1058996759586480e+001, -1.3211001093913554e+001,
       4.5460361611711321e+001, 4.1977708401377745e-001,
       1.3399876842198463e+001, -1.3682062157380136e+001,
       4.5604783135727232e+001, 3.8639132458976277e-001,
       1.2312752164329751e+001, -1.3111768076015114e+001,
       4.5509221439209199e+001, 4.3306075997077281e-001,
       4.6482947242028754e+000, -7.4492968182851174e+000,
       5.4951133847572422e+001, 5.0919847142613228e-001,
       1.5168810590632017e+001, -1.5313734309600491e+001,
       5.0649639548133734e+001, 5.0260356444595666e-001,
       7.1862795163070956e+000, -8.1757103648511524e+000,
       6.0418097590969957e+001, 3.7662216221077599e-001,
       3.2714056181411570e+000, -4.0760716656754949e+000,
       5.4921436659172457e+001, 5.7666829043913359e-001,
       1.2832809406339830e+001, -7.3659207599821102e+000,
       4.5035375949527506e+001, 3.1837459941935026e-001,
       2.0249968255174031e+000, -9.6360157693382291e+000,
       5.6501189668750769e+001, 6.0198632181303002e-001,
       4.7273996051325149e+000, -6.8720710948038848e+000,
       5.6113951647889579e+001, 5.1036194562517234e-001,
       -2.3781084528063339e+000, 9.8622557439766467e+000,
       3.7695519752213201e+001, 2.3433514044692161e-001,
       -2.6738963195469920e+000, 8.3180683185586872e+000,
       3.9004004772342483e+001, 2.3896901677762461e-001,
       1.2684116806644052e+001, -1.1643773226673094e+001,
       4.7253456355054638e+001, 3.8305112580959688e-001,
       -6.5041411083173486e+000, 1.0386908253713930e+001,
       4.1081008345103399e+001, 2.7449885872515600e-001,
       8.3568239810012752e+000, -5.1727475041252529e+000,
       3.9666022668852619e+001, 6.6218851515127197e-001,
       1.4000372937309002e+001, -8.4172761404387977e+000,
       4.3786936364307479e+001, 3.1670366540359940e-001,
       1.0360596820128517e+001, -6.1027452871794274e+000,
       3.2163594247348250e+001, 4.4793855751824824e-001,
       1.7418548901517234e+001, -1.0789993467942370e+001,
       4.7359501571188268e+001, 2.7139504870838127e-001,
       1.7346688461371116e+001, -1.0889210852985144e+001,
       4.9190875307367094e+001, 2.5608143336573236e-001,
       4.7644750490999437e+000, -1.0145434542039553e+001,
       5.9335946806932810e+001, 5.0831974154669846e-001,
       -9.3059020712880987e+000, 1.2887577158739342e+001,
       4.5881904856298462e+001, 2.7355985263983823e-001,
       9.8212301656327607e+000, -5.1247289426118261e+000,
       4.5717708596030874e+001, 5.0198964943352287e-001,
       1.6741657552409865e+001, -9.0270793179733140e+000,
       4.7662853066701189e+001, 2.8152159769579688e-001,
       -5.2846809325599309e-001, 1.0708492573695231e+001,
       3.7119822970825780e+001, 1.7459270577648678e-001,
       6.6858650655590790e-001, -5.6825025307473549e+000,
       5.2444548534060928e+001, 3.7514029159151574e-001,
       -1.1177326714254227e-001, 8.8466355970960411e+000,
       3.6784433195972781e+001, 1.8065276943762881e-001,
       -8.4452700551129611e-001, 9.4760799842386656e-001,
       -7.9628359347712543e+000, 5.4950686218431050e-002,
       6.8112223823098272e+000, -8.0263358345913165e+000,
       6.3495677401273994e+001, 1.7234316661947743e-001,
       1.3403809182926564e+001, -8.1454228098990704e+000,
       5.1439599164155311e+001, 1.4094854173731036e-001,
       -1.3727386904940584e+000, -6.4224921903413046e-001,
       -5.1371874999663074e+000, 9.1517854592355030e-001,
       1.4068995938639176e+001, -9.2742251182413966e+000,
       4.4328100775290295e+001, 3.5462287681330695e-001,
       1.1213317713288149e+000, -9.4635336966835624e+000,
       5.5788328318545076e+001, 5.5187608291124723e-001,
       -5.4223413487583478e+000, 9.2045784937554398e-001,
       4.2598864093932505e+001, 2.8350219463581183e-001,
       -5.9016821501186172e+000, 1.3393139530045131e-001,
       4.2431873452233830e+001, 2.9189534317118576e-001,
       1.5226951407705013e+001, -1.1813504014494359e+001,
       5.1753369252763363e+001, 2.4900705902439246e-001,
       -5.5909396122108550e+000, 1.0302336009220113e+001,
       3.8858258093178449e+001, 2.0373645379228517e-001,
       8.5868710960039927e+000, -1.3580748690843659e+001,
       7.0094812277349462e+001, 5.5211216308799871e-001,
       -1.1868207544230177e+001, -8.4589165719635364e+000,
       -3.4140682461837656e+001, 8.3627611428331339e-001,
       -1.7769397885740702e+001, -3.5271485406420766e-001,
       -4.2320247798191012e+001, 7.8261780084920263e-001,
       1.1779260156192088e+001, -1.2350995353865688e+001,
       4.5796044560230200e+001, 4.1041841720464883e-001,
       1.2009124058257719e+001, -9.0431292673825681e+000,
       4.3771282348495347e+001, 3.6607849688090266e-001,
       -1.5305119614842821e+000, 1.0189208736889176e+001,
       3.6896202633649274e+001, 2.1754519983220166e-001,
       7.7898951198345143e+000, -7.0743933455153618e+000,
       6.2557162971851135e+001, 3.5373901738147379e-001,
       -3.9397598585434213e+000, -3.2209980887115965e+000,
       -1.2116569470392839e+001, 9.1624564643935480e-001,
       -1.5484251833275380e+000, -1.6090006705745417e+000,
       -5.3582708529376148e+000, 9.2118444293513713e-001,
       1.2551183097896534e+001, -6.3389267425116476e+000,
       4.0293359590883853e+001, 3.8924148732861463e-001,
       -7.0418964403694453e+000, -9.7070978210830425e+000,
       4.1409415470839399e+001, 2.9917655252357384e-001,
       -5.3426697789638702e+000, 1.0751957813330435e+001,
       4.0933493572235477e+001, 2.0774665091306782e-001,
       9.6601293332126819e+000, -1.0925609698739638e+001,
       7.4480702681317041e+001, 1.6623323322562364e-001,
       5.1656329810960511e+000, -1.0542172840228186e+001,
       6.9553334057939367e+001, 4.1450210267768334e-001,
       -1.4121182658940818e+001, 7.8671568685183919e+000,
       4.6567314728692295e+001, 3.3206140897905906e-001,
       -2.1451255224749026e+000, 1.0453226733761039e+001,
       3.8331692285230929e+001, 2.3394893200463515e-001,
       -8.6250412179980920e+000, -2.0792691527383700e+000,
       -2.5504443504883117e+001, 8.7912056132789240e-001,
       1.8110643283145365e+001, -1.0928359794156975e+001,
       5.2577512394331691e+001, 2.9440325934468170e-001,
       5.0327396312577708e+000, -1.3014421521042056e+001,
