%YAML:1.0
inner_callibration_matrix: !!opencv-matrix
   rows: 3
   cols: 3
   dt: f
   data: [ 7.00856018e+002, 0., 3.19500000e+002, 0., 7.00856018e+002,
       2.39500000e+002, 0., 0., 1. ]
